5461	3.7750001
5462	0.351000011
5463	3.70000005
5464	3.32800007
5465	4.28900003
5466	2.51699996
5467	3.73000002
5468	3.80800009
5469	2.78883004
5470	2.80865002
5471	2.7818501
5472	2.83400011
5473	2.91199994
5474	2.76300001
5477	2.84597993
5482	0.782010019
5483	1.03699994
5484	3.25300002
5485	0.156000003
5486	4.44399977
5487	4.34100008
5488	1.44799995
5489	0.824999988
5490	0.449999988
5491	0.158999994
5492	2.3440001
5493	1.74800003
5494	0.797999978
5496	3.6329999
5497	2.55999994
5498	0.569999993
5499	2.91599989
5500	1.005
5501	0.463999987
5502	0.270000011
5503	0.66900003
5504	0.721000016
5505	2.90641999
5506	1.30385005
5507	1.25249004
5508	0.374419987
5509	3.31599998
5510	3.05599999
5512	1.472
5513	1.53699994
5514	3.84200001
5515	1.85899997
5516	1.023
5517	1.73538005
5528	2.23885989
5535	2.11299992
5536	0.713
5537	2.64599991
5538	1.34800005
5539	3.04900002
5540	0.286000013
5541	1.17499995
5542	0.234999999
5544	0.200000003
5545	0.44600001
5546	0.634000003
5547	1.66199994
5548	2.73815989
5549	2.46499991
5550	0.950999975
5551	2.
5552	0.907999992
5553	1.09500003
5554	1.02699995
5555	0.702000022
5556	0.388000011
5557	0.838999987
5558	0.119000003
5559	2.49499989
5560	0.880999982
5561	0.219999999
5563	0.0920000002
5564	0.388999999
5565	1.16900003
5566	0.122000001
5567	2.33699989
5568	0.393999994
5569	2.16100001
5570	1.20000005
5571	3.20600009
5572	0.128000006
5573	0.287
5574	0.731000006
5575	0.266000003
5576	1.76300001
5577	2.43066001
5578	2.78483009
5579	1.52234995
5580	2.85292006
5581	0.702560008
5582	0.419999987
5583	3.25
5584	1.954
5585	2.46799994
5586	3.57800007
5587	1.15499997
5588	3.44199991
5589	0.351999998
5590	1.56936002
5591	2.56673002
5593	0.442999989
5594	0.60224998
5595	0.00855000038
5596	0.922999978
5597	4.37599993
5598	4.09700012
5599	4.47200012
5600	4.3039999
5601	4.33500004
5602	3.3210001
5603	2.82048011
5604	2.81668997
5605	2.84987998
5606	2.40463996
5607	0.744000018
5608	4.0079999
5609	1.60699999
5610	4.45200014
5611	4.48400021
5612	4.14599991
5613	3.454
5615	0.191349998
5616	0.760010004
5617	2.34899998
5618	3.41599989
5619	3.3039999
5620	3.66300011
5621	1.83500004
5627	4.03100014
5628	2.18199992
5629	1.63567996
5630	2.79232001
5632	1.26916003
5633	2.75685
5636	4.70800018
5637	4.15399981
5638	4.10200024
5639	3.40100002
5640	2.88599992
5641	0.328999996
