7806	2.97700000
7807	2.89900000
7808	0.53300000
7809	1.57000000
7810	4.76200000
7811	4.79100000
7812	3.17400000
7813	1.85000000
7815	1.64400000
7816	4.19600000
7817	5.11800000
7818	0.52700000
7819	4.06600000
7820	3.88500000
7822	0.89400000
7823	7.22900000
7824	6.81700000
7825	6.06900000
7826	4.31600000
7827	1.49000000
7828	2.72454000
7829	3.07311000
7841	4.83200000
7842	5.52100000
7843	5.90700000
7844	5.85400000
7845	6.52300000
7846	6.10100000
7847	1.79900000
7848	4.75500000
7849	4.85300000
7850	4.59300000
7851	3.63100000
7852	4.80000000
7853	6.77200000
7854	6.87700000
7855	1.37200000
7856	0.57218000
7857	5.09600000
7858	4.62800000
7859	0.48300000
7860	4.96400000
7861	5.01600000
7862	4.93700000
7863	3.56900000
7864	2.05700000
7865	4.95400000
7866	3.71000000
7867	0.69500000
7868	0.09000000
7872	0.14800000
7874	2.03400000
7875	5.18900000
7876	4.02500000
7877	5.81800000
7878	6.06200000
7879	6.42400000
7880	3.07272000
7881	3.07282000
7882	1.50739000
7883	6.35600000
7884	4.49700000
7885	5.14200000
7886	6.02900000
7887	4.94300000
7888	3.85300000
7889	5.89300000
7890	6.52200000
7891	5.68300000
7892	7.16000000
7893	1.79600000
7894	0.16700000
7895	0.18900000
7898	0.10400000
7899	0.07900000
7900	0.11700000
7901	0.15500000
7902	0.36200000
7903	4.03700000
7904	5.22900000
7905	1.21700000
7906	2.80200000
7907	0.65172000
7908	3.93400000
7909	4.13200000
7910	1.70500000
7911	0.04600000
7912	6.79500000
7913	7.19600000
7914	0.92400000
7915	5.38800000
7916	0.93100000
